function [times, land_v3, land_v2] = getGISSlandData()

GISS = [
    1880.042   -0.71   -0.89
    1880.125   -0.51   -0.61
    1880.208   -0.38   -0.50
    1880.292   -0.61   -0.86
    1880.375   -0.16   -0.22
    1880.458   -0.26   -0.28
    1880.542   -0.24   -0.19
    1880.625    0.17    0.23
    1880.708   -0.35   -0.38
    1880.792   -0.54   -0.46
    1880.875   -0.23   -0.19
    1880.958   -0.53   -0.48
    1881.042   -0.26   -0.32
    1881.125   -0.40   -0.41
    1881.208    0.06    0.04
    1881.292    0.10    0.02
    1881.375   -0.13    0.05
    1881.458   -0.86   -0.92
    1881.542   -0.29   -0.36
    1881.625    0.06   -0.02
    1881.708   -0.23   -0.23
    1881.792   -0.41   -0.43
    1881.875   -0.46   -0.54
    1881.958   -0.13   -0.18
    1882.042    0.51    0.41
    1882.125    0.27    0.20
    1882.208    0.13    0.03
    1882.292   -0.60   -0.66
    1882.375   -0.28   -0.35
    1882.458   -0.74   -0.80
    1882.542   -0.61   -0.59
    1882.625    0.14    0.08
    1882.708    0.01   -0.05
    1882.792   -0.49   -0.58
    1882.875   -0.38   -0.50
    1882.958   -0.92   -0.90
    1883.042   -0.81   -0.92
    1883.125   -1.05   -1.17
    1883.208   -0.13   -0.21
    1883.292   -0.24   -0.32
    1883.375   -0.18   -0.30
    1883.458    0.09    0.20
    1883.542    0.11    0.06
    1883.625   -0.19   -0.09
    1883.708   -0.45   -0.35
    1883.792   -0.34   -0.42
    1883.875   -0.72   -0.71
    1883.958   -0.14   -0.28
    1884.042   -0.19   -0.31
    1884.125   -0.11   -0.25
    1884.208   -0.76   -0.78
    1884.292   -1.05   -1.04
    1884.375   -1.02   -1.05
    1884.458   -0.71   -0.82
    1884.542   -0.67   -0.77
    1884.625    0.03   -0.06
    1884.708   -0.43   -0.51
    1884.792   -0.56   -0.68
    1884.875   -0.59   -0.67
    1884.958   -0.63   -0.62
    1885.042   -1.15   -1.30
    1885.125   -0.65   -0.74
    1885.208   -0.49   -0.57
    1885.292   -0.86   -0.93
    1885.375   -0.55   -0.64
    1885.458   -0.77   -0.90
    1885.542   -0.48   -0.60
    1885.625   -0.22   -0.30
    1885.708   -0.14   -0.21
    1885.792   -0.14   -0.19
    1885.875   -0.32   -0.39
    1885.958    0.27    0.15
    1886.042   -0.82   -0.89
    1886.125   -0.98   -1.04
    1886.208   -0.86   -0.81
    1886.292   -0.44   -0.52
    1886.375   -0.45   -0.52
    1886.458   -0.68   -0.74
    1886.542   -0.10   -0.17
    1886.625   -0.26   -0.51
    1886.708   -0.23   -0.26
    1886.792   -0.72   -0.75
    1886.875   -0.57   -0.66
    1886.958   -0.32   -0.43
    1887.042   -1.32   -1.44
    1887.125   -1.18   -1.30
    1887.208   -0.49   -0.61
    1887.292   -0.69   -0.75
    1887.375   -0.46   -0.56
    1887.458   -0.35   -0.46
    1887.542   -0.22   -0.37
    1887.625   -0.27   -0.41
    1887.708   -0.29   -0.39
    1887.792   -0.60   -0.59
    1887.875   -0.59   -0.71
    1887.958   -0.76   -0.85
    1888.042   -0.66   -0.83
    1888.125   -0.87   -0.99
    1888.208   -0.90   -1.02
    1888.292   -0.24   -0.36
    1888.375   -0.51   -0.68
    1888.458   -0.34   -0.48
    1888.542   -0.01   -0.13
    1888.625   -0.14   -0.26
    1888.708   -0.16   -0.30
    1888.792   -0.02   -0.14
    1888.875   -0.01   -0.13
    1888.958   -0.29   -0.41
    1889.042   -0.50   -0.63
    1889.125    0.49    0.39
    1889.208    0.28    0.18
    1889.292    0.37    0.27
    1889.375    0.14    0.05
    1889.458   -0.18   -0.27
    1889.542   -0.18   -0.25
    1889.625   -0.26   -0.40
    1889.708   -0.23   -0.34
    1889.792   -0.34   -0.35
    1889.875   -0.61   -0.73
    1889.958   -0.46   -0.59
    1890.042   -0.69   -0.86
    1890.125   -0.73   -0.81
    1890.208   -0.62   -0.69
    1890.292   -0.38   -0.53
    1890.375   -0.89   -0.92
    1890.458   -0.38   -0.49
    1890.542   -0.22   -0.33
    1890.625   -0.32   -0.48
    1890.708   -0.18   -0.37
    1890.792    0.01   -0.04
    1890.875   -0.80   -0.89
    1890.958   -0.50   -0.64
    1891.042   -0.90   -1.02
    1891.125   -1.16   -1.31
    1891.208   -0.26   -0.38
    1891.292   -0.59   -0.66
    1891.375   -0.31   -0.40
    1891.458   -0.38   -0.51
    1891.542   -0.48   -0.56
    1891.625   -0.27   -0.35
    1891.708   -0.21   -0.28
    1891.792   -0.46   -0.52
    1891.875   -0.67   -0.80
    1891.958    0.12    0.06
    1892.042   -0.52   -0.69
    1892.125   -0.18   -0.31
    1892.208   -0.63   -0.76
    1892.292   -0.74   -0.81
    1892.375   -0.50   -0.60
    1892.458   -0.23   -0.31
    1892.542   -0.18   -0.29
    1892.625   -0.13   -0.18
    1892.708   -0.14   -0.22
    1892.792    0.06   -0.04
    1892.875   -0.65   -0.93
    1892.958   -0.63   -0.76
    1893.042   -1.81   -2.01
    1893.125   -1.21   -1.36
    1893.208   -0.28   -0.34
    1893.292   -0.41   -0.53
    1893.375   -0.56   -0.67
    1893.458   -0.39   -0.49
    1893.542    0.10    0.03
    1893.625   -0.25   -0.31
    1893.708   -0.13   -0.10
    1893.792    0.12    0.01
    1893.875    0.02    0.02
    1893.958   -0.41   -0.51
    1894.042   -0.86   -0.96
    1894.125   -0.24   -0.31
    1894.208   -0.08   -0.23
    1894.292   -0.64   -0.79
    1894.375   -0.29   -0.47
    1894.458   -0.49   -0.56
    1894.542   -0.14   -0.25
    1894.625   -0.05   -0.16
    1894.708   -0.25   -0.27
    1894.792    0.03   -0.06
    1894.875   -0.24   -0.37
    1894.958   -0.17   -0.29
    1895.042   -1.00   -1.10
    1895.125   -0.99   -1.08
    1895.208   -0.28   -0.37
    1895.292   -0.14   -0.23
    1895.375   -0.23   -0.33
    1895.458   -0.14   -0.23
    1895.542   -0.15   -0.28
    1895.625   -0.04   -0.10
    1895.708    0.09   -0.01
    1895.792    0.06   -0.02
    1895.875   -0.04   -0.13
    1895.958   -0.05   -0.16
    1896.042   -0.16   -0.29
    1896.125   -0.08   -0.22
    1896.208   -0.64   -0.75
    1896.292   -0.72   -0.76
    1896.375   -0.21   -0.35
    1896.458   -0.10   -0.21
    1896.542    0.10   -0.04
    1896.625    0.08   -0.14
    1896.708    0.12   -0.02
    1896.792    0.47    0.20
    1896.875   -0.43   -0.53
    1896.958   -0.08   -0.22
    1897.042   -0.25   -0.46
    1897.125   -0.32   -0.46
    1897.208   -0.43   -0.52
    1897.292    0.07   -0.02
    1897.375    0.13    0.03
    1897.458    0.00   -0.08
    1897.542    0.10    0.08
    1897.625    0.04   -0.07
    1897.708    0.22    0.10
    1897.792    0.10    0.08
    1897.875   -0.02    0.05
    1897.958   -0.18   -0.31
    1898.042    0.51    0.30
    1898.125   -0.36   -0.46
    1898.208   -1.12   -1.24
    1898.292   -0.38   -0.37
    1898.375   -0.37   -0.47
    1898.458    0.04   -0.01
    1898.542   -0.17   -0.21
    1898.625   -0.09   -0.14
    1898.708    0.07    0.04
    1898.792   -0.32   -0.35
    1898.875   -0.32   -0.46
    1898.958    0.02   -0.03
    1899.042    0.06    0.00
    1899.125   -0.58   -0.64
    1899.208   -0.35   -0.38
    1899.292    0.04    0.00
    1899.375   -0.09   -0.18
    1899.458   -0.41   -0.49
    1899.542   -0.07   -0.11
    1899.625    0.05    0.03
    1899.708    0.26    0.25
    1899.792    0.18    0.17
    1899.875    0.66    0.67
    1899.958   -0.45   -0.46
    1900.042   -0.73   -0.77
    1900.125    0.18    0.12
    1900.208    0.20    0.20
    1900.292   -0.02   -0.06
    1900.375    0.17    0.08
    1900.458    0.13   -0.01
    1900.542    0.02   -0.11
    1900.625    0.12    0.06
    1900.708    0.12    0.06
    1900.792    0.49    0.44
    1900.875   -0.06   -0.08
    1900.958    0.20    0.13
    1901.042   -0.31   -0.34
    1901.125    0.17    0.16
    1901.208    0.47    0.45
    1901.292    0.21    0.15
    1901.375    0.03   -0.03
    1901.458    0.21    0.19
    1901.542    0.15    0.00
    1901.625    0.09   -0.03
    1901.708    0.10   -0.01
    1901.792   -0.17   -0.23
    1901.875    0.17    0.10
    1901.958   -0.24   -0.24
